get_foil_coordinates(foilname)
array([[ 1.0000e+00,  0.0000e+00],
       [ 9.9908e-01,  1.5000e-04],
       [ 9.9639e-01,  7.0000e-04],
       [ 9.9210e-01,  1.7700e-03],
       [ 9.8641e-01,  3.3500e-03],
       [ 9.7946e-01,  5.3700e-03],
       [ 9.7137e-01,  7.7100e-03],
       [ 9.6216e-01,  1.0220e-02],
       [ 9.5177e-01,  1.2810e-02],
       [ 9.4014e-01,  1.5480e-02],
       [ 9.2728e-01,  1.8310e-02],
       [ 9.1328e-01,  2.1320e-02],
       [ 8.9819e-01,  2.4500e-02],
       [ 8.8209e-01,  2.7860e-02],
       [ 8.6506e-01,  3.1360e-02],
       [ 8.4718e-01,  3.5000e-02],
       [ 8.2853e-01,  3.8740e-02],
       [ 8.0920e-01,  4.2560e-02],
       [ 7.8928e-01,  4.6400e-02],
       [ 7.6885e-01,  5.0220e-02],
       [ 7.4801e-01,  5.3930e-02],
       [ 7.2684e-01,  5.7480e-02],
       [ 7.0543e-01,  6.0670e-02],
       [ 6.8365e-01,  6.3300e-02],
       [ 6.6132e-01,  6.5470e-02],
       [ 6.3849e-01,  6.7310e-02],
       [ 6.1523e-01,  6.8840e-02],
       [ 5.9161e-01,  7.0080e-02],
       [ 5.6769e-01,  7.1050e-02],
       [ 5.4354e-01,  7.1750e-02],
       [ 5.1922e-01,  7.2190e-02],
       [ 4.9479e-01,  7.2370e-02],
       [ 4.7032e-01,  7.2300e-02],
       [ 4.4588e-01,  7.1990e-02],
       [ 4.2152e-01,  7.1440e-02],
       [ 3.9731e-01,  7.0660e-02],
       [ 3.7331e-01,  6.9650e-02],
       [ 3.4959e-01,  6.8420e-02],
       [ 3.2620e-01,  6.6970e-02],
       [ 3.0322e-01,  6.5320e-02],
       [ 2.8069e-01,  6.3470e-02],
       [ 2.5868e-01,  6.1440e-02],
       [ 2.3724e-01,  5.9220e-02],
       [ 2.1643e-01,  5.6840e-02],
       [ 1.9630e-01,  5.4300e-02],
       [ 1.7691e-01,  5.1610e-02],
       [ 1.5830e-01,  4.8800e-02],
       [ 1.4053e-01,  4.5860e-02],
       [ 1.2363e-01,  4.2820e-02],
       [ 1.0766e-01,  3.9690e-02],
       [ 9.2640e-02,  3.6480e-02],
       [ 7.8630e-02,  3.3210e-02],
       [ 6.5660e-02,  2.9910e-02],
       [ 5.3760e-02,  2.6580e-02],
       [ 4.2970e-02,  2.3250e-02],
       [ 3.3310e-02,  1.9940e-02],
       [ 2.4810e-02,  1.6680e-02],
       [ 1.7500e-02,  1.3480e-02],
       [ 1.1410e-02,  1.0390e-02],
       [ 6.5700e-03,  7.4200e-03],
       [ 3.0100e-03,  4.5900e-03],
       [ 7.2000e-04,  1.9800e-03],
       [ 1.0000e-05, -1.9000e-04],
       [ 1.0200e-03, -2.3400e-03],
       [ 3.4400e-03, -4.7600e-03],
       [ 7.2000e-03, -7.2300e-03],
       [ 1.2250e-02, -9.7600e-03],
       [ 1.8540e-02, -1.2310e-02],
       [ 2.6020e-02, -1.4850e-02],
       [ 3.4660e-02, -1.7340e-02],
       [ 4.4420e-02, -1.9750e-02],
       [ 5.5270e-02, -2.2040e-02],
       [ 6.7180e-02, -2.4190e-02],
       [ 8.0100e-02, -2.6150e-02],
       [ 9.3990e-02, -2.7900e-02],
       [ 1.0881e-01, -2.9370e-02],
       [ 1.2452e-01, -3.0510e-02],
       [ 1.4109e-01, -3.1160e-02],
       [ 1.5872e-01, -3.1230e-02],
       [ 1.7755e-01, -3.0900e-02],
       [ 1.9749e-01, -3.0290e-02],
       [ 2.1847e-01, -2.9460e-02],
       [ 2.4042e-01, -2.8450e-02],
       [ 2.6327e-01, -2.7300e-02],
       [ 2.8694e-01, -2.6030e-02],
       [ 3.1136e-01, -2.4670e-02],
       [ 3.3645e-01, -2.3240e-02],
       [ 3.6212e-01, -2.1770e-02],
       [ 3.8830e-01, -2.0260e-02],
       [ 4.1490e-01, -1.8750e-02],
       [ 4.4184e-01, -1.7230e-02],
       [ 4.6902e-01, -1.5730e-02],
       [ 4.9637e-01, -1.4260e-02],
       [ 5.2379e-01, -1.2830e-02],
       [ 5.5120e-01, -1.1460e-02],
       [ 5.7850e-01, -1.0140e-02],
       [ 6.0562e-01, -8.8900e-03],
       [ 6.3246e-01, -7.7100e-03],
       [ 6.5893e-01, -6.6100e-03],
       [ 6.8496e-01, -5.6000e-03],
       [ 7.1045e-01, -4.6800e-03],
       [ 7.3533e-01, -3.8500e-03],
       [ 7.5951e-01, -3.1100e-03],
       [ 7.8292e-01, -2.4600e-03],
       [ 8.0546e-01, -1.9000e-03],
       [ 8.2708e-01, -1.4300e-03],
       [ 8.4770e-01, -1.0400e-03],
       [ 8.6724e-01, -7.3000e-04],
       [ 8.8565e-01, -5.0000e-04],
       [ 9.0285e-01, -3.2000e-04],
       [ 9.1879e-01, -2.0000e-04],
       [ 9.3341e-01, -1.1000e-04],
       [ 9.4666e-01, -3.0000e-05],
       [ 9.5850e-01,  8.0000e-05],
       [ 9.6897e-01,  2.2000e-04],
       [ 9.7806e-01,  3.6000e-04],
       [ 9.8571e-01,  4.2000e-04],
       [ 9.9183e-01,  3.9000e-04],
       [ 9.9633e-01,  2.6000e-04],
       [ 9.9907e-01,  9.0000e-05],
       [ 1.0000e+00,  0.0000e+00]])
